(641, 291), (641, 293), (636, 294), (645, 301), (648, 302), (646, 294), (644, 280), (634, 263), (634, 252), (639, 221), (641, 216), (636, 223), (632, 229), (629, 243), (636, 249), (639, 252), (640, 254), (638, 262), (637, 273), (641, 291)
(610, 271), (612, 272), (614, 277), (615, 278), (616, 279), (618, 279), (609, 260), (611, 244), (601, 234), (599, 232), (599, 214), (600, 231), (601, 229), (605, 238), (609, 242), (604, 232), (607, 242), (606, 251), (602, 257), (601, 264)
(582, 252), (580, 254), (583, 256), (587, 260), (591, 273), (587, 264), (586, 236), (589, 227), (591, 225), (594, 206), (593, 210), (592, 220), (587, 236), (587, 242), (583, 243), (584, 242), (585, 246), (587, 248), (588, 254), (588, 253)
(561, 272), (560, 270), (565, 273), (568, 271), (569, 274), (566, 265), (555, 238), (554, 224), (556, 221), (554, 220), (565, 212), (567, 221), (569, 220), (557, 236), (559, 236), (561, 237), (562, 237), (561, 242), (557, 251), (559, 256)
(536, 285), (536, 285), (539, 286), (544, 287), (543, 287), (542, 283), (521, 269), (506, 248), (500, 242), (504, 244), (496, 248), (503, 258), (507, 253), (520, 269), (519, 266), (520, 268), (517, 265), (525, 272), (531, 278), (542, 286)
(514, 307), (515, 307), (517, 317), (514, 314), (510, 321), (512, 310), (489, 304), (466, 281), (464, 277), (468, 288), (475, 292), (475, 304), (482, 300), (484, 307), (480, 308), (480, 305), (482, 304), (488, 307), (501, 319), (511, 321)
(488, 326), (489, 334), (488, 335), (488, 336), (487, 334), (482, 331), (464, 317), (436, 295), (441, 292), (442, 306), (448, 306), (461, 314), (463, 317), (466, 321), (459, 324), (460, 321), (460, 323), (467, 325), (479, 335), (485, 338)
(460, 347), (468, 348), (462, 344), (476, 350), (482, 350), (474, 352), (456, 339), (415, 317), (412, 319), (422, 328), (427, 339), (437, 345), (426, 333), (440, 349), (433, 342), (429, 339), (435, 346), (444, 350), (449, 359), (462, 359)
(438, 363), (446, 362), (447, 367), (443, 363), (443, 375), (437, 364), (422, 354), (387, 336), (395, 338), (398, 357), (406, 357), (417, 361), (413, 358), (423, 358), (414, 351), (413, 348), (425, 351), (430, 361), (438, 366), (449, 371)
(419, 383), (423, 390), (421, 385), (423, 386), (425, 385), (425, 384), (397, 377), (375, 366), (368, 364), (373, 369), (387, 382), (395, 384), (387, 385), (395, 389), (390, 384), (385, 383), (388, 381), (391, 388), (407, 394), (422, 393)
(404, 408), (423, 423), (421, 423), (424, 425), (427, 427), (435, 431), (415, 422), (389, 419), (374, 420), (369, 423), (367, 424), (370, 430), (368, 424), (371, 434), (370, 428), (368, 425), (376, 423), (388, 430), (402, 428), (420, 432)
(418, 453), (436, 468), (443, 463), (451, 466), (454, 462), (464, 458), (459, 464), (443, 472), (414, 473), (395, 474), (380, 484), (387, 487), (386, 485), (384, 485), (380, 479), (375, 468), (395, 478), (415, 473), (435, 475), (444, 475)
(460, 501), (477, 504), (484, 501), (486, 500), (490, 501), (496, 497), (497, 500), (485, 512), (468, 519), (450, 522), (436, 534), (433, 534), (431, 537), (443, 551), (442, 554), (441, 550), (447, 538), (464, 519), (480, 516), (486, 512)
(517, 539), (528, 535), (539, 533), (541, 539), (559, 548), (569, 539), (562, 535), (551, 544), (535, 564), (526, 567), (515, 578), (523, 591), (531, 589), (531, 600), (525, 601), (532, 602), (531, 594), (533, 568), (533, 548), (536, 542)
(557, 580), (561, 563), (568, 562), (568, 566), (581, 571), (603, 575), (601, 570), (598, 591), (588, 598), (590, 615), (606, 640), (604, 651), (592, 643), (587, 644), (578, 649), (571, 646), (569, 640), (575, 637), (585, 603), (588, 604)
(604, 626), (601, 617), (603, 613), (612, 617), (621, 620), (626, 609), (632, 606), (637, 623), (641, 637), (652, 653), (655, 666), (653, 674), (636, 669), (644, 685), (621, 670), (609, 663), (604, 656), (610, 643), (601, 633), (599, 622)
(642, 608), (644, 599), (642, 597), (646, 597), (655, 605), (661, 603), (670, 600), (686, 608), (693, 627), (705, 640), (713, 651), (697, 662), (681, 652), (681, 662), (666, 652), (651, 647), (637, 637), (637, 625), (638, 617), (639, 605)
(668, 561), (664, 558), (664, 562), (670, 564), (678, 571), (683, 571), (700, 573), (708, 581), (726, 588), (742, 608), (753, 611), (756, 615), (725, 602), (729, 608), (712, 597), (681, 580), (671, 566), (667, 565), (667, 566), (668, 563)
(668, 502), (657, 499), (657, 494), (662, 494), (671, 498), (670, 502), (704, 503), (710, 503), (719, 512), (745, 530), (753, 528), (766, 538), (738, 526), (726, 520), (710, 505), (696, 497), (684, 508), (674, 498), (673, 498), (665, 498)
(679, 438), (679, 438), (675, 426), (675, 427), (684, 430), (694, 426), (712, 410), (712, 397), (724, 396), (735, 404), (743, 409), (752, 413), (735, 408), (728, 406), (723, 413), (711, 411), (706, 412), (702, 413), (700, 409), (696, 403)
(697, 409), (697, 404), (694, 405), (695, 405), (701, 405), (699, 400), (702, 391), (711, 393), (723, 400), (735, 405), (747, 413), (748, 411), (737, 409), (735, 407), (725, 411), (711, 412), (705, 411), (704, 412), (701, 406), (698, 404)
(714, 366), (715, 365), (715, 362), (715, 365), (718, 368), (717, 360), (709, 351), (725, 351), (732, 360), (749, 363), (754, 364), (753, 371), (752, 363), (753, 363), (742, 366), (728, 370), (728, 372), (723, 370), (721, 369), (718, 363)
(761, 345), (759, 344), (755, 341), (760, 342), (757, 344), (762, 343), (765, 343), (782, 332), (801, 335), (820, 332), (817, 344), (823, 344), (802, 331), (793, 335), (787, 340), (767, 351), (768, 352), (764, 347), (763, 347), (758, 348)
(761, 331), (763, 333), (761, 328), (764, 325), (766, 323), (765, 318), (782, 316), (792, 307), (793, 306), (794, 298), (799, 309), (798, 310), (795, 303), (792, 302), (790, 305), (778, 315), (768, 319), (764, 321), (763, 325), (766, 329)
(740, 310), (742, 312), (743, 310), (741, 313), (747, 315), (756, 309), (771, 307), (778, 300), (777, 302), (785, 298), (778, 296), (783, 293), (782, 299), (782, 295), (779, 298), (777, 304), (763, 312), (756, 317), (755, 322), (751, 320)
(723, 290), (722, 291), (723, 292), (727, 294), (725, 295), (726, 292), (735, 281), (742, 278), (742, 271), (746, 265), (758, 261), (758, 267), (750, 268), (754, 269), (747, 271), (741, 283), (732, 287), (729, 294), (727, 297), (732, 295)
(681, 277), (682, 281), (682, 284), (685, 284), (683, 282), (680, 279), (672, 256), (673, 242), (672, 240), (666, 221), (673, 213), (673, 218), (671, 223), (663, 236), (662, 245), (672, 250), (677, 258), (679, 266), (683, 277), (680, 281)
